flow_cfs,FR_spawn_wua,SR_spawn_wua,ST_spawn_wua,FR_fry_wua,ST_fry_wua,FR_juv_wua,ST_juv_wua,watershed
150,392417.10870111897,199289.7753677857,49085.07324280145,161111.98516283158,318434.34502703376,64403.467622280885,138203.9884320382,Yuba River
250,393209.19973594864,199970.95699735946,49183.966742109886,160956.24990569594,318680.5178548974,64422.147680120695,138503.27014962904,Yuba River
300,393420.09499559907,200207.42436816293,49244.5492267069,160988.643342135,318807.83616245433,64431.884571859664,138640.23890355838,Yuba River
350,393588.498428266,200393.4233622532,49307.89010436313,160957.2636740852,318841.96636489365,64440.76486860303,138756.09141204573,Yuba River
400,10191.295737457562,5399.731233496793,1079.3489878033447,4080.9757324280135,7674.501760342008,1050.1304539167609,3820.68873381114,Yuba River
500,10794.024267571986,6037.760907833521,1472.926882937256,3991.8741355463344,7570.162202942284,1198.541430906576,4096.905255878284,Yuba River
600,11259.359675594114,6461.327486483087,1838.433609958506,3968.91110272853,7430.348610587199,1319.054130516786,4275.289199044385,Yuba River
700,11685.401735194264,6766.251728907329,2205.299886835156,3954.9855400477804,7279.336413931849,1434.380108135295,4418.827800829875,Yuba River
800,12011.968753929334,7013.650509241794,2555.7965547592103,3947.2290330692813,7094.27260153401,1536.0712938513764,4493.870237646171,Yuba River
900,12230.32189111027,7207.240978247201,2859.0154658619385,3956.266503206337,6923.708034703885,1605.9741606940775,4515.984534138061,Yuba River
1e3,12357.820948069908,7346.865962529862,3187.5314346787372,3963.3078712435554,6765.756632717213,1640.5601659751035,4504.015780208725,Yuba River
1100,12420.643153526968,7421.004652332453,3475.1744624669927,3970.6871620772026,6658.132151389413,1650.0062869357473,4543.953539544826,Yuba River
1200,12459.967936627685,7472.0388532629195,3781.9454922670684,3940.48629448007,6474.9858543945675,1654.0299258141579,4513.375455802841,Yuba River
1300,12433.413491764113,7539.615553879038,4052.4723374827104,3953.9953476675464,6323.855777693951,1660.4347416069406,4498.223940651325,Yuba River
1400,12349.781528982774,7548.82591474915,4319.729976109643,3967.7244436061856,6185.527473909216,1657.5348924933985,4466.977869986168,Yuba River
1500,12220.388532629195,7545.776750911604,4560.040236388783,4028.448384257512,6045.863196278133,1625.8801710046519,4400.988620646296,Yuba River
1600,12040.393562177793,7509.485414309065,4764.436376210235,4130.9883062995095,5997.280900289198,1600.7952973720605,4356.539984911354,Yuba River
1700,11886.803721865961,7449.005092417954,4954.506161197032,4229.347416069407,5877.334024896265,1570.547277756821,4307.3368540173515,Yuba River
1800,11748.766188859547,7360.500754432287,5138.894128002011,4342.905193008927,5841.066264302779,1558.0126996102097,4282.817804602037,Yuba River
1900,11594.469068276121,7246.3457185967545,5297.21488746385,4472.714698855777,5764.475669558657,1559.3643907959258,4232.852382748648,Yuba River
2e3,11436.360492895761,7131.876335973845,5431.56670438828,4622.076574877405,5749.528479818935,1550.9398968942535,4275.116308311328,Yuba River
2100,11305.073557148244,7007.677920281654,5541.438765245818,4715.083930592229,5699.948132780082,1549.2109895636863,4245.237646171256,Yuba River
2300,11020.526845215642,6778.448384257512,5727.04482585188,5046.452596504463,5656.513265434426,1548.3858292468249,4205.763548346536,Yuba River
2500,10687.28781591852,6507.897963032816,5875.510813529485,5091.592795171633,5617.392807745504,1538.7432415440712,4133.644536652835,Yuba River
2700,10333.68697346913,6229.818936250471,5964.274487614736,5367.219917012448,5657.173393687915,1530.2794542939769,4061.1247328052305,Yuba River
2900,9982.820948069908,5960.18797937885,6043.482019363762,5554.012636740852,5712.875644410913,1509.3046649063244,4001.155224443605,Yuba River
3100,260808.7025022004,134753.47541808122,91601.43876524581,153008.58531371807,143517.59090909088,8284.74845970074,111123.99484471268,Yuba River
3300,9290.393562177793,5435.566767257638,6022.444360618634,5772.098579152521,5811.745567710297,1418.4112913366023,3949.9324154407136,Yuba River
3500,234322.24990569596,119426.47196026656,92808.85162831636,156668.90519300892,147605.82038224567,7772.64516534641,109932.4992455677,Yuba River
3700,8618.705205582799,4963.881554130516,5978.255060983275,5911.479944674964,5943.173959512133,1375.7151389412795,4004.3065509870485,Yuba River
3900,210676.2186596253,102771.04928957626,92860.58965170375,160890.4048786621,152226.96661637118,7567.286621400729,111161.23789764868,Yuba River
4100,8027.599647931597,1519.101989815164,5884.3753929334835,6101.368980259022,6081.80875141456,1351.9662391550357,4089.2509116056826,Yuba River
4300,192300.8583553376,90855.0576512008,92439.80013831258,163461.15799069533,156712.6558531372,7483.68747642399,113316.49327297875,Yuba River
4500,7594.272601534011,4258.125864453665,5761.24575631837,6104.095938639506,6160.63120834905,1351.101785489752,4211.091726392556,Yuba River
