0 0 2,200 1,501,947 7,000 416,957 16,000 123,994
50 183,496 2,400 1,444,590 7,400 379,330 17,000 113,630
100 349,780 2,600 1,375,498 7,800 347,267 18,000 104,654
150 500,035 2,800 1,304,585 8,200 321,000 19,000 96,817
200 635,397 3,000 1,239,775 8,600 296,359 20,000 89,925
300 865,776 3,400 1,105,253 9,000 275,327 21,000 83,825
400 1,049,135 3,800 969,789 9,400 259,147 22,000 78,395
500 1,197,366 4,200 863,117 9,800 265,853 23,000 73,535
1,000 1,518,614 4,600 755,166 10,400 234,702 24,000 69,165
1,200 1,578,917 5,000 689,540 11,000 210,915 25,000 65,217
1,400 1,608,390 5,400 630,272 12,000 187,617 26,000 61,636
1,600 1,600,465 5,800 580,652 13,000 167,196 27,000 58,377
1,800 1,576,700 6,200 503,577 14,000 150,276 28,000 55,399
2,000 1,540,319 6,600 459,308 15,000 136,067